取1-10号节点计算度、介数中心性和聚类系数

网络名称：EU email communication network
网络直径：14
度：[15, 1144, 219, 317, 53, 
    155, 412, 436, 297, 424]
介数中心性：[0.0, 77859150.62837648, 0.0, 86477096.14642055, 2702793.037493265, 10584432.852825409, 37321718.76151023, 16703477.444894342, 10231248.921047453, 15205129.915116232]
紧密中心性：[0.27526472824416826, 0.3367205425125953, 0.3138090439355831, 0.32749755284685483, 0.26020209174562503, 0.33079776300902064, 0.334634178287201, 0.32042407580804, 0.31942936867409627, 0.3116774195337128]
特征中心性：[3.4894456383678675e-20, 0.3039954346964848, 0.011209841921937283, 0.05770462244848204, 0.011003211513759853, 0.1676940927567608, 0.3768886083093133, 0.014910785867269129, 0.04076335141888194, 0.06018722765701253]
调和中心性：[0.23964197031431778, 0.2964729891562261, 0.27189442938973135, 0.2833886407809166, 0.22578123788957988, 0.28955763109650506, 0.2909018965232441, 0.276501844669488, 0.276567577998331, 0.27012462549622346]
平均聚类系数：0.0671
全局聚类系数（仅能够作为无向图处理）：0.004106431079830243

网络名称：Stanford web graph
网络直径：674
度：[2, 4, 4, 5, 5, 101, 3, 3, 3, 3]
介数中心性：[0.0, 20.0, 6.0, 57.0, 15.0, 63330558.81234404, 884.5050845784418, 884.5050845784418, 884.5050845784418, 884.5050845784418]
紧密中心性：[0.12184823006357241, 0.13875501855220002, 0.13875501855220002, 0.13875501855220002, 0.13875501855220002, 0.1849991158215757, 0.1619026658404428, 0.1619026658404428, 0.1619026658404428, 0.1619026658404428]
特征中心性：[2.1008029615352715e-22, 1.6158047032599552e-08, 1.6158047032576053e-08, 1.649220244028547e-08, 1.6492202439001822e-08, 4.755053015572442e-06, 1.6199473829736062e-07, 1.619947382973456e-07, 1.6199473829745724e-07, 1.6199473829750075e-07]
调和中心性：[0.11759039723522793, 0.13619315609502813, 0.13619315609502813, 0.13619315609502813, 0.13619315609502813, 0.19111726692006037, 0.1631871371616142, 0.1631871371616142, 0.1631871371616142, 0.1631871371616142]
平均聚类系数： 0.5976
全局聚类系数（仅能够作为无向图处理）：0.008617602328600992